DATAFILE
simdata.txt
NUMBER_OF_TRAITS
4
NUMBER_OF_EFFECTS
4
OBSERVATION(S)
9 10 11 12
WEIGHT(S)

EFFECTS:
6 6 6 6   155 cross
7 7 7 7     2 cross
8 8 8 8    11 cross
1 1 1 1  4641 cross
RANDOM_RESIDUAL VALUES
 63.568  35.276  26.535  13.533
 35.276  84.627  37.831  23.306
 26.535  37.831  75.156  28.079
 13.533  23.306  28.079  46.839
RANDOM_GROUP
4
RANDOM_TYPE
add_animal
FILE
simped.txt
(CO)VARIANCES
 37.150  19.471  23.885  24.246
 19.471  16.128  19.571  22.239
 23.885  19.571  31.315  33.782
 24.246  22.239  33.782  51.706
