# parameter file for renumf90
# random regression test-day model for 2 lactations with 4 traits
DATAFILE
 datamltdm
TRAITS
 4 5 6 7
FIELDS_PASSED TO OUTPUT
 
WEIGHT(S)
 
RESIDUAL_VARIANCE
  1.0  0.6 -0.4 -0.1
  0.6  2.1  0.7  0.5
 -0.4  0.7  1.5  0.8
 -0.1  0.5  0.8  2.0
EFFECT
 2 2 2 2 cross alpha
#
# fixed regression:
#  covariates (position 8) nested within the class (position 3)
#
EFFECT
 8 8 8 8 cov
NESTED
 3 3 3 3 alpha
EFFECT
 1 1 1 1 cross alpha
RANDOM
 animal 
OPTIONAL
 pe
FILE
 ped1 
FILE_POS
 1 2 3 0 0 
PED_DEPTH
 3
RANDOM_REGRESSION
 data
# First lactation  = 11 12 13
# Second lactation = 14 15 16
RR_POSITION
 11 12 13 14 15 16
#
# Order:
#          First lactation                     Second lactation
#          11          12          13          14          15          16
#          a0          a1          a2          a0          a1          a2
#          t1 t2 t3 t4 t1 t2 t3 t4 t1 t2 t3 t4 t1 t2 t3 t4 t1 t2 t3 t4 t1 t2 t3 t4
#    a0 t1  *  *  *  *  *  *  *  *  *  *  *  *  *  *  *  *  *  *  *  *  *  *  *  *
#       t2  *  *  *  *  *  *  *  *  *  *  *  *  *  *  *  *  *  *  *  *  *  *  *  *
#       t3  *  *  *  *  *  *  *  *  *  *  *  *  *  *  *  *  *  *  *  *  *  *  *  *
#       t4  *  *  *  *  *  *  *  *  *  *  *  *  *  *  *  *  *  *  *  *  *  *  *  *
#    a1 t1  *  *  *  *  *  *  *  *  *  *  *  *  *  *  *  *  *  *  *  *  *  *  *  *
#       t2  *  *  *  *  *  *  *  *  *  *  *  *  *  *  *  *  *  *  *  *  *  *  *  *
#       t3  *  *  *  *  *  *  *  *  *  *  *  *  *  *  *  *  *  *  *  *  *  *  *  *
#       t4  *  *  *  *  *  *  *  *  *  *  *  *  *  *  *  *  *  *  *  *  *  *  *  *
#    a2 t1  *  *  *  *  *  *  *  *  *  *  *  *  *  *  *  *  *  *  *  *  *  *  *  *
#       t2  *  *  *  *  *  *  *  *  *  *  *  *  *  *  *  *  *  *  *  *  *  *  *  *
#       t3  *  *  *  *  *  *  *  *  *  *  *  *  *  *  *  *  *  *  *  *  *  *  *  *
#       t4  *  *  *  *  *  *  *  *  *  *  *  *  *  *  *  *  *  *  *  *  *  *  *  *
#    a0 t1  *  *  *  *  *  *  *  *  *  *  *  *  *  *  *  *  *  *  *  *  *  *  *  *
#       t2  *  *  *  *  *  *  *  *  *  *  *  *  *  *  *  *  *  *  *  *  *  *  *  *
#       t3  *  *  *  *  *  *  *  *  *  *  *  *  *  *  *  *  *  *  *  *  *  *  *  *
#       t4  *  *  *  *  *  *  *  *  *  *  *  *  *  *  *  *  *  *  *  *  *  *  *  *
#    a1 t1  *  *  *  *  *  *  *  *  *  *  *  *  *  *  *  *  *  *  *  *  *  *  *  *
#       t2  *  *  *  *  *  *  *  *  *  *  *  *  *  *  *  *  *  *  *  *  *  *  *  *
#       t3  *  *  *  *  *  *  *  *  *  *  *  *  *  *  *  *  *  *  *  *  *  *  *  *
#       t4  *  *  *  *  *  *  *  *  *  *  *  *  *  *  *  *  *  *  *  *  *  *  *  *
#    a2 t1  *  *  *  *  *  *  *  *  *  *  *  *  *  *  *  *  *  *  *  *  *  *  *  *
#       t2  *  *  *  *  *  *  *  *  *  *  *  *  *  *  *  *  *  *  *  *  *  *  *  *
#       t3  *  *  *  *  *  *  *  *  *  *  *  *  *  *  *  *  *  *  *  *  *  *  *  *
#       t4  *  *  *  *  *  *  *  *  *  *  *  *  *  *  *  *  *  *  *  *  *  *  *  *
#
(CO)VARIANCES
  0.80325     0.15795    -0.1053     -0.026325     0.0702     0.04212    -0.02808    -0.00702     0.0351     0.02106    -0.01404    -0.00351     0.200813    0.0394875  -0.026325   -0.00658125   0.01755    0.01053    -0.00702    -0.001755    0.008775   0.005265   -0.00351    -0.0008775
  0.15795     1.09282     0.184275    0.131625     0.04212    0.14742     0.04914     0.0351      0.02106    0.07371     0.02457     0.01755     0.0394875   0.273205    0.0460687   0.0329062    0.01053    0.036855    0.012285    0.008775    0.005265   0.0184275   0.0061425   0.0043875
 -0.1053      0.184275    0.934875    0.2106      -0.02808    0.04914     0.1053      0.05616    -0.01404    0.02457     0.05265     0.02808    -0.026325    0.0460687   0.233719    0.05265     -0.00702    0.012285    0.026325    0.01404    -0.00351    0.0061425   0.0131625   0.00702
 -0.026325    0.131625    0.2106      1.0665      -0.00702    0.0351      0.05616     0.1404     -0.00351    0.01755     0.02808     0.0702     -0.00658125  0.0329062   0.05265     0.266625    -0.001755   0.008775    0.01404     0.0351     -0.0008775  0.0043875   0.00702     0.01755
  0.0702      0.04212    -0.02808    -0.00702      0.5751     0.02106    -0.01404    -0.00351     0.1404     0.08424    -0.05616    -0.01404     0.01755     0.01053    -0.00702    -0.001755     0.143775   0.005265   -0.00351    -0.0008775   0.0351     0.02106    -0.01404    -0.00351
  0.04212     0.14742     0.04914     0.0351       0.02106    0.61371     0.02457     0.01755     0.08424    0.29484     0.09828     0.0702      0.01053     0.036855    0.012285    0.008775     0.005265   0.153427    0.0061425   0.0043875   0.02106    0.07371     0.02457     0.01755
 -0.02808     0.04914     0.1053      0.05616     -0.01404    0.02457     0.59265     0.02808    -0.05616    0.09828     0.2106      0.11232    -0.00702     0.012285    0.026325    0.01404     -0.00351    0.0061425   0.148163    0.00702    -0.01404    0.02457     0.05265     0.02808
 -0.00702     0.0351      0.05616     0.1404      -0.00351    0.01755     0.02808     0.6102     -0.01404    0.0702      0.11232     0.2808     -0.001755    0.008775    0.01404     0.0351      -0.0008775  0.0043875   0.00702     0.15255    -0.00351    0.01755     0.02808     0.0702
  0.0351      0.02106    -0.01404    -0.00351      0.0702     0.04212    -0.02808    -0.00702     0.6102     0.04212    -0.02808    -0.00702     0.008775    0.005265   -0.00351    -0.0008775    0.01755    0.01053    -0.00702    -0.001755    0.15255    0.01053    -0.00702    -0.001755
  0.02106     0.07371     0.02457     0.01755      0.04212    0.14742     0.04914     0.0351      0.04212    0.68742     0.04914     0.0351      0.005265    0.0184275   0.0061425   0.0043875    0.01053    0.036855    0.012285    0.008775    0.01053    0.171855    0.012285    0.008775
 -0.01404     0.02457     0.05265     0.02808     -0.02808    0.04914     0.1053      0.05616    -0.02808    0.04914     0.6453      0.05616    -0.00351     0.0061425   0.0131625   0.00702     -0.00702    0.012285    0.026325    0.01404    -0.00702    0.012285    0.161325    0.01404
 -0.00351     0.01755     0.02808     0.0702      -0.00702    0.0351      0.05616     0.1404     -0.00702    0.0351      0.05616     0.6804     -0.0008775   0.0043875   0.00702     0.01755     -0.001755   0.008775    0.01404     0.0351     -0.001755   0.008775    0.01404     0.1701
  0.200813    0.0394875  -0.026325   -0.00658125   0.01755    0.01053    -0.00702    -0.001755    0.008775   0.005265   -0.00351    -0.0008775   0.80325     0.15795    -0.1053     -0.026325     0.0702     0.04212    -0.02808    -0.00702     0.0351     0.02106    -0.01404    -0.00351
  0.0394875   0.273205    0.0460687   0.0329062    0.01053    0.036855    0.012285    0.008775    0.005265   0.0184275   0.0061425   0.0043875   0.15795     1.09282     0.184275    0.131625     0.04212    0.14742     0.04914     0.0351      0.02106    0.07371     0.02457     0.01755
 -0.026325    0.0460687   0.233719    0.05265     -0.00702    0.012285    0.026325    0.01404    -0.00351    0.0061425   0.0131625   0.00702    -0.1053      0.184275    0.934875    0.2106      -0.02808    0.04914     0.1053      0.05616    -0.01404    0.02457     0.05265     0.02808
 -0.00658125  0.0329062   0.05265     0.266625    -0.001755   0.008775    0.01404     0.0351     -0.0008775  0.0043875   0.00702     0.01755    -0.026325    0.131625    0.2106      1.0665      -0.00702    0.0351      0.05616     0.1404     -0.00351    0.01755     0.02808     0.0702
  0.01755     0.01053    -0.00702    -0.001755     0.143775   0.005265   -0.00351    -0.0008775   0.0351     0.02106    -0.01404    -0.00351     0.0702      0.04212    -0.02808    -0.00702      0.5751     0.02106    -0.01404    -0.00351     0.1404     0.08424    -0.05616    -0.01404
  0.01053     0.036855    0.012285    0.008775     0.005265   0.153427    0.0061425   0.0043875   0.02106    0.07371     0.02457     0.01755     0.04212     0.14742     0.04914     0.0351       0.02106    0.61371     0.02457     0.01755     0.08424    0.29484     0.09828     0.0702
 -0.00702     0.012285    0.026325    0.01404     -0.00351    0.0061425   0.148163    0.00702    -0.01404    0.02457     0.05265     0.02808    -0.02808     0.04914     0.1053      0.05616     -0.01404    0.02457     0.59265     0.02808    -0.05616    0.09828     0.2106      0.11232
 -0.001755    0.008775    0.01404     0.0351      -0.0008775  0.0043875   0.00702     0.15255    -0.00351    0.01755     0.02808     0.0702     -0.00702     0.0351      0.05616     0.1404      -0.00351    0.01755     0.02808     0.6102     -0.01404    0.0702      0.11232     0.2808
  0.008775    0.005265   -0.00351    -0.0008775    0.01755    0.01053    -0.00702    -0.001755    0.15255    0.01053    -0.00702    -0.001755    0.0351      0.02106    -0.01404    -0.00351      0.0702     0.04212    -0.02808    -0.00702     0.6102     0.04212    -0.02808    -0.00702
  0.005265    0.0184275   0.0061425   0.0043875    0.01053    0.036855    0.012285    0.008775    0.01053    0.171855    0.012285    0.008775    0.02106     0.07371     0.02457     0.01755      0.04212    0.14742     0.04914     0.0351      0.04212    0.68742     0.04914     0.0351
 -0.00351     0.0061425   0.0131625   0.00702     -0.00702    0.012285    0.026325    0.01404    -0.00702    0.012285    0.161325    0.01404    -0.01404     0.02457     0.05265     0.02808     -0.02808    0.04914     0.1053      0.05616    -0.02808    0.04914     0.6453      0.05616
 -0.0008775   0.0043875   0.00702     0.01755     -0.001755   0.008775    0.01404     0.0351     -0.001755   0.008775    0.01404     0.1701     -0.00351     0.01755     0.02808     0.0702      -0.00702    0.0351      0.05616     0.1404     -0.00702    0.0351      0.05616     0.6804
(CO)VARIANCES_PE
  0.3575     0.0945     -0.063      -0.01575     0.042     0.0252    -0.0168    -0.0042     0.021     0.0126    -0.0084    -0.0021     0.089375   0.023625   -0.01575    -0.0039375   0.0105    0.0063    -0.0042    -0.00105    0.00525   0.00315   -0.0021    -0.000525
  0.0945     0.53075     0.11025     0.07875     0.0252    0.0882     0.0294     0.021      0.0126    0.0441     0.0147     0.0105     0.023625   0.132688    0.0275625   0.0196875   0.0063    0.02205    0.00735    0.00525    0.00315   0.011025   0.003675   0.002625
 -0.063      0.11025     0.43625     0.126      -0.0168    0.0294     0.063      0.0336    -0.0084    0.0147     0.0315     0.0168    -0.01575    0.0275625   0.109063    0.0315     -0.0042    0.00735    0.01575    0.0084    -0.0021    0.003675   0.007875   0.0042
 -0.01575    0.07875     0.126       0.515      -0.0042    0.021      0.0336     0.084     -0.0021    0.0105     0.0168     0.042     -0.0039375  0.0196875   0.0315      0.12875    -0.00105   0.00525    0.0084     0.021     -0.000525  0.002625   0.0042     0.0105
  0.042      0.0252     -0.0168     -0.0042      0.221     0.0126    -0.0084    -0.0021     0.084     0.0504    -0.0336    -0.0084     0.0105     0.0063     -0.0042     -0.00105     0.05525   0.00315   -0.0021    -0.000525   0.021     0.0126    -0.0084    -0.0021
  0.0252     0.0882      0.0294      0.021       0.0126    0.2441     0.0147     0.0105     0.0504    0.1764     0.0588     0.042      0.0063     0.02205     0.00735     0.00525     0.00315   0.061025   0.003675   0.002625   0.0126    0.0441     0.0147     0.0105
 -0.0168     0.0294      0.063       0.0336     -0.0084    0.0147     0.2315     0.0168    -0.0336    0.0588     0.126      0.0672    -0.0042     0.00735     0.01575     0.0084     -0.0021    0.003675   0.057875   0.0042    -0.0084    0.0147     0.0315     0.0168
 -0.0042     0.021       0.0336      0.084      -0.0021    0.0105     0.0168     0.242     -0.0084    0.042      0.0672     0.168     -0.00105    0.00525     0.0084      0.021      -0.000525  0.002625   0.0042     0.0605    -0.0021    0.0105     0.0168     0.042
  0.021      0.0126     -0.0084     -0.0021      0.042     0.0252    -0.0168    -0.0042     0.242     0.0252    -0.0168    -0.0042     0.00525    0.00315    -0.0021     -0.000525    0.0105    0.0063    -0.0042    -0.00105    0.0605    0.0063    -0.0042    -0.00105
  0.0126     0.0441      0.0147      0.0105      0.0252    0.0882     0.0294     0.021      0.0252    0.2882     0.0294     0.021      0.00315    0.011025    0.003675    0.002625    0.0063    0.02205    0.00735    0.00525    0.0063    0.07205    0.00735    0.00525
 -0.0084     0.0147      0.0315      0.0168     -0.0168    0.0294     0.063      0.0336    -0.0168    0.0294     0.263      0.0336    -0.0021     0.003675    0.007875    0.0042     -0.0042    0.00735    0.01575    0.0084    -0.0042    0.00735    0.06575    0.0084
 -0.0021     0.0105      0.0168      0.042      -0.0042    0.021      0.0336     0.084     -0.0042    0.021      0.0336     0.284     -0.000525   0.002625    0.0042      0.0105     -0.00105   0.00525    0.0084     0.021     -0.00105   0.00525    0.0084     0.071
  0.089375   0.023625   -0.01575    -0.0039375   0.0105    0.0063    -0.0042    -0.00105    0.00525   0.00315   -0.0021    -0.000525   0.3575     0.0945     -0.063      -0.01575     0.042     0.0252    -0.0168    -0.0042     0.021     0.0126    -0.0084    -0.0021
  0.023625   0.132688    0.0275625   0.0196875   0.0063    0.02205    0.00735    0.00525    0.00315   0.011025   0.003675   0.002625   0.0945     0.53075     0.11025     0.07875     0.0252    0.0882     0.0294     0.021      0.0126    0.0441     0.0147     0.0105
 -0.01575    0.0275625   0.109063    0.0315     -0.0042    0.00735    0.01575    0.0084    -0.0021    0.003675   0.007875   0.0042    -0.063      0.11025     0.43625     0.126      -0.0168    0.0294     0.063      0.0336    -0.0084    0.0147     0.0315     0.0168
 -0.0039375  0.0196875   0.0315      0.12875    -0.00105   0.00525    0.0084     0.021     -0.000525  0.002625   0.0042     0.0105    -0.01575    0.07875     0.126       0.515      -0.0042    0.021      0.0336     0.084     -0.0021    0.0105     0.0168     0.042
  0.0105     0.0063     -0.0042     -0.00105     0.05525   0.00315   -0.0021    -0.000525   0.021     0.0126    -0.0084    -0.0021     0.042      0.0252     -0.0168     -0.0042      0.221     0.0126    -0.0084    -0.0021     0.084     0.0504    -0.0336    -0.0084
  0.0063     0.02205     0.00735     0.00525     0.00315   0.061025   0.003675   0.002625   0.0126    0.0441     0.0147     0.0105     0.0252     0.0882      0.0294      0.021       0.0126    0.2441     0.0147     0.0105     0.0504    0.1764     0.0588     0.042
 -0.0042     0.00735     0.01575     0.0084     -0.0021    0.003675   0.057875   0.0042    -0.0084    0.0147     0.0315     0.0168    -0.0168     0.0294      0.063       0.0336     -0.0084    0.0147     0.2315     0.0168    -0.0336    0.0588     0.126      0.0672
 -0.00105    0.00525     0.0084      0.021      -0.000525  0.002625   0.0042     0.0605    -0.0021    0.0105     0.0168     0.042     -0.0042     0.021       0.0336      0.084      -0.0021    0.0105     0.0168     0.242     -0.0084    0.042      0.0672     0.168
  0.00525    0.00315    -0.0021     -0.000525    0.0105    0.0063    -0.0042    -0.00105    0.0605    0.0063    -0.0042    -0.00105    0.021      0.0126     -0.0084     -0.0021      0.042     0.0252    -0.0168    -0.0042     0.242     0.0252    -0.0168    -0.0042
  0.00315    0.011025    0.003675    0.002625    0.0063    0.02205    0.00735    0.00525    0.0063    0.07205    0.00735    0.00525    0.0126     0.0441      0.0147      0.0105      0.0252    0.0882     0.0294     0.021      0.0252    0.2882     0.0294     0.021
 -0.0021     0.003675    0.007875    0.0042     -0.0042    0.00735    0.01575    0.0084    -0.0042    0.00735    0.06575    0.0084    -0.0084     0.0147      0.0315      0.0168     -0.0168    0.0294     0.063      0.0336    -0.0168    0.0294     0.263      0.0336
 -0.000525   0.002625    0.0042      0.0105     -0.00105   0.00525    0.0084     0.021     -0.00105   0.00525    0.0084     0.071     -0.0021     0.0105      0.0168      0.042      -0.0042    0.021      0.0336     0.084     -0.0042    0.021      0.0336     0.284

